##################基于核函数的典型相关分析（KCCA）#######################

## dummy data
x <- matrix(rnorm(30),15)
y <- matrix(rnorm(30),15)  #载入数据

kc<-kcca(x,y,ncomps=2)  #进行核典型相关分析，2表示提取的典型相关变量的对数

################显示输出结果######################
An object of class "kcca"
Slot "kcor":
[1]  0.9860228 -0.9860228   #两对典型相关变量的相关系数

Slot "xcoef":
              [,1]         [,2]
 [1,]  0.031576941  0.031576941
 [2,] -0.113247139 -0.113247139
 [3,] -0.001227936 -0.001227936
 [4,] -0.005962863 -0.005962863
 [5,]  0.035030581  0.035030581
 [6,]  0.100097795  0.100097795
 [7,] -0.155125927 -0.155125927
 [8,] -0.010196817 -0.010196817
 [9,] -0.119775549 -0.119775549
[10,]  0.112387009  0.112387009
[11,] -0.115603528 -0.115603528
[12,] -0.025751605 -0.025751605
[13,] -0.133308688 -0.133308688
[14,] -0.098776378 -0.098776378
[15,]  0.088932630  0.088932630

Slot "ycoef":
              [,1]         [,2]
 [1,] -0.074811564  0.074811564
 [2,]  0.056915719 -0.056915719
 [3,]  0.002560507 -0.002560507
 [4,] -0.124820024  0.124820024
 [5,] -0.104460279  0.104460279
 [6,] -0.155819203  0.155819203
 [7,]  0.063512522 -0.063512522
 [8,]  0.007240419 -0.007240419
 [9,]  0.047816825 -0.047816825
[10,] -0.085746985  0.085746985
[11,]  0.064617675 -0.064617675
[12,] -0.023090041  0.023090041
[13,]  0.079182090 -0.079182090
[14,]  0.019055055 -0.019055055
[15,] -0.132020037  0.132020037

