################谱聚类分析####################### 
data(spirals)#载入数据
 sc <- specc(spirals, centers = 2) #进行谱聚类，2表示聚类的数
 plot(spirals, col=sc)  #画出图像
sc   #输出结果
Spectral Clustering object of class "specc" 

 Cluster memberships: 
 
2 2 1 1 2 1 1 1 2 1 1 2 2 1 1 2 2 2 2 2 1 1 2 1 1 1 1 2 2 2 1 2 1 1 2 1 2 1 2 2 1 1 1 1 2 2 2 2 2 1 2 1 2 2 1 1 1 2 2 2 2 2 1 1 2 1 2 2 2 1 1 2 1 1 1 2 2 2 2 1 2 1 2 1 2 2 2 2 2 2 1 2 2 1 1 1 2 1 1 1 1 2 2 2 1 1 2 1 1 1 2 1 2 2 2 2 1 1 2 2 1 2 2 2 1 2 1 2 2 2 2 2 1 1 1 1 1 2 2 2 1 1 2 1 2 2 2 1 1 1 2 1 1 1 1 1 1 2 2 2 2 1 2 1 2 2 2 1 2 2 2 2 1 2 1 2 2 2 1 1 2 2 2 1 1 1 2 2 1 1 1 1 1 1 1 1 2 2 2 2 1 2 1 1 2 1 2 1 1 1 1 1 2 1 2 1 2 1 2 2 2 1 1 1 1 2 2 2 1 2 2 1 1 1 1 1 2 2 1 1 1 1 2 2 2 1 1 1 1 1 1 2 2 1 1 2 2 2 2 2 2 2 1 1 1 1 2 1 2 1 2 2 1 1 1 2 1 2 2 2 2 1 1 2 1 2 1 1 1 2 1 2 1 1 2 2 1 1 1 2 
 
Gaussian Radial Basis kernel function. 
 Hyperparameter : sigma =  367.501471756435 

Centers:  
            [,1]       [,2]
[1,] -0.01770984  0.1775137
[2,]  0.01997201 -0.1761483

Cluster size:  
[1] 150 150

Within-cluster sum of squares:  
[1] 118.1182 117.3429

